1.8752
4.6941
7.8547
10.9955
14.1372
17.2788
20.4204
23.5619
26.7035
29.8451
32.9867
36.1283
39.2699
42.4115
45.5531
48.6947
51.8363
54.9779
58.1195
61.2611
64.4026
67.5442
70.6858
73.8274
76.9690
80.1106
83.2522
86.3938
89.5354
92.6770
95.8186
98.9602
102.1018
105.2434
108.3849
111.5265
114.6681
117.8097
120.9513
124.0929
127.2345
130.3761
133.5177
136.6593
139.8009
142.9425
146.0841
149.2256
152.3672
155.5088
158.6504
161.7920
164.9336
168.0752
171.2168
174.3584
177.5000
180.6416
183.7832
186.9248
190.0664
193.2079
196.3495
199.4911
202.6327
205.7743
208.9159
212.0575
215.1991
218.3407
221.4823
224.6239
227.7655
230.9071
234.0487
237.1902
240.3318
243.4734
246.6150
249.7566
252.8982
256.0398
259.1814
262.3230
265.4646
268.6062
271.7478
274.8894
278.0310
281.1725
284.3142
287.4557
290.5973
293.7389
296.8805
300.0221
303.1637
306.3053
309.4469
312.5885
